> 30
 148.00  42.50
 146.70  42.00
 146.00  41.65
 145.00  41.25
 144.76  41.00
 144.50  40.50
 144.29  40.00
 144.22  39.50
 144.20  39.00
 144.13  38.50
 144.00  38.00
 143.74  37.50
 143.50  37.00
 143.00  36.40
 142.65  36.00
 142.40  35.50
 142.10  35.00
 142.00  34.50
 141.90  34.00
 141.95  33.50
 142.05  33.00
 142.10  32.50
 142.12  32.00
 142.18  31.50
 142.20  31.00
 142.55  30.00
 142.90  29.00
 143.25  28.00
 143.45  27.50
 143.35  27.00
> 07
 139.35  35.00 
 139.60  34.70 
 140.00  34.55 
 140.20  34.50 
 141.00  34.40 
 141.35  34.34 
 141.90  34.08 
> 10
 138.50  34.60
 138.35  34.00
 138.00  33.66
 137.00  33.00
 136.00  32.64
 135.20  32.50
 133.00  31.00
 132.00  29.50
 130.00  26.70
 128.20  25.00
