     1 N.WNNH        45.48610   141.88890    -0.15906
     2 N.SFNH        45.33240   142.12240    -0.08160
     3 N.WNWH        45.25080   141.63720    -0.13060
     4 N.WNEH        45.22810   141.88440    -0.17460
     5 N.SFSH        45.21410   142.22930    -0.09660
     6 N.TYTH        45.09970   141.78690    -0.12156
     7 N.HTBH        45.09780   142.43460    -0.14456
     8 N.HNBH        45.01440   142.08330    -0.07163
     9 N.NTBH        44.93640   142.22860    -0.06156
    10 N.TSOH        44.89250   141.92890    -0.09863
    11 N.UNNH        44.85470   142.49070    -0.08156
    12 N.ONPH        44.77220   142.25810    -0.03700
    13 N.UNSH        44.74100   142.60780    -0.02856
    14 N.NAWH        44.65940   142.05670    -0.04100
    15 N.EBTH        44.63360   141.82250    -0.19060
    16 N.BFNH        44.59500   142.30750    -0.05151
    17 N.BFEH        44.54860   142.57750     0.16952
    18 N.OUMH        44.52530   142.84830     0.00348
    19 N.BFWH        44.47080   142.27640    -0.00151
    20 N.NYRH        44.43530   142.40940    -0.01751
    21 N.OPWH        44.42100   143.03040    -0.07652
    22 N.OPEH        44.38190   143.24460    -0.07152
    23 N.SWEH        44.31830   142.76940     0.09849
    24 N.SWWH        44.28970   142.63420    -0.14151
    25 N.HONH        44.27800   142.16330     0.15850
    26 N.YBNH        44.21220   143.62420    -0.09452
    27 N.TUNH        44.18960   143.08060    -0.06752
    28 N.HOCH        44.11360   142.14520     0.09850
    29 N.TUSH        44.11230   143.01490     0.14748
    30 N.OREH        44.09500   141.96590     0.00046
    31 N.SRMH        44.07890   143.94940    -0.29652
    32 N.SYNH        44.06160   144.99760    -0.04152
    33 N.ORWH        44.02310   141.79140    -0.08555
    34 N.HOSH        43.99700   142.12960     0.05400
    35 N.WSMH        43.97310   142.28720     0.08900
    36 N.SYSH        43.92470   144.81150    -0.11852
    37 N.MMBH        43.91190   144.19630    -0.08352
    38 N.KMZH        43.85410   144.46140    -0.09602
    39 N.KKAH        43.85220   142.76940     0.19050
    40 N.STKH        43.84690   143.09000     0.57048
    41 N.FGNH        43.82190   142.16320     0.09700
    42 N.NUMH        43.81790   141.94350    -0.00600
    43 N.STNH        43.78260   145.02870    -0.03150
    44 N.RBSH        43.73940   143.45530     0.21448
    45 N.BHRH        43.72030   144.18770    -0.01752
    46 N.FGSH        43.69240   142.08140    -0.06800
    47 N.STSH        43.67470   144.96580     0.06100
    48 N.OKEH        43.63280   143.51390     0.19048
    49 N.NSTH        43.54830   144.97060    -0.19850
    50 N.SUGH        43.51140   141.91280    -0.09292
    51 N.BEWH        43.50890   142.39440     0.14400
    52 N.BEEH        43.50140   142.60440     0.24200
    53 N.RKBH        43.46580   143.68690     0.12750
    54 N.ANNH        43.43360   144.08830     0.32300
    55 N.TOBH        43.40630   141.58730    -0.12103
    56 N.BKEH        43.39530   145.12640    -0.18700
    57 N.BKWH        43.38750   144.80610    -0.12900
    58 N.SCNH        43.38220   144.63190    -0.02500
    59 N.NFRH        43.38170   142.52830     0.23750
    60 N.AYEH        43.37970   143.90220     0.22400
    61 N.FRNH        43.36720   142.34470     0.09449
    62 N.SKNH        43.33120   142.94860     0.26400
    63 N.AYWH        43.26830   143.43560    -0.00200
    64 N.TRWH        43.25310   144.23780    -0.21652
    65 N.FBRH        43.23170   140.62640    -0.07300
    66 N.MSAH        43.22760   141.90160    -0.12600
    67 N.SSTH        43.21790   141.65610    -0.11851
    68 N.TREH        43.21750   144.43250    -0.20800
    69 N.SCSH        43.21140   144.68440    -0.21300
    70 N.HNKH        43.20580   145.12080    -0.22551
    71 N.SKSH        43.17140   142.92140     0.04700
    72 N.SNNH        43.15780   143.89750     0.07300
    73 N.TRSH        43.13330   144.33140    -0.18800
    74 N.HBTH        43.11870   143.62250    -0.03600
    75 N.ANSH        43.11160   144.12680    -0.07600
    76 N.AGWH        43.08170   140.82350    -0.07660
    77 N.KYMH        43.05620   141.81000    -0.09352
    78 N.TOMH        43.05080   140.50510    -0.07647
    79 N.SMPH        43.03810   142.66000     0.46749
    80 N.YUBH        42.99050   142.01220    -0.00592
    81 N.SNSH        42.98310   143.98810    -0.07400
    82 N.KYOH        42.97340   140.62560    -0.18110
    83 N.CCNH        42.94750   140.82590     0.13840
    84 N.MMRH        42.88940   143.06420    -0.13100
    85 N.CTSH        42.88560   141.64360    -0.24350
    86 N.SHZH        42.87170   142.88680     0.31800
    87 N.OIWH        42.87140   141.82280    -0.04212
    88 N.HOBH        42.86890   142.13220     0.07148
    89 N.RNKH        42.82850   140.48670    -0.09255
    90 N.TYRH        42.80890   143.52420    -0.09220
    91 N.SMMH        42.77720   140.15930    -0.06900
    92 N.KMBH        42.76560   140.98030     0.18400
    93 N.MKRH        42.76060   140.81210     0.12700
    94 N.BREH        42.70360   142.40920     0.11951
    95 N.BRWH        42.70060   142.23330    -0.01849
    96 N.AMAH        42.64610   141.86790    -0.14452
    97 N.OHTH        42.64510   141.06790     0.14848
    98 N.TURH        42.63900   140.66860     0.10998
    99 N.KMNH        42.60800   140.48770     0.03840
   100 N.NCPH        42.59510   142.54830     0.20348
   101 N.MBEH        42.59080   142.35580     0.05351
   102 N.SOIH        42.56040   141.35330    -0.15850
   103 N.MBWH        42.51010   142.04180    -0.21152
   104 N.TKIH        42.48390   143.15580     0.25900
   105 N.KHYH        42.48260   139.97140     0.05340
   106 N.MRRH        42.40910   141.00530    -0.16352
   107 N.SZNH        42.34720   142.36090    -0.10652
   108 N.KUMH        42.13190   140.00750    -0.03160
   109 N.SAMH        42.13040   142.92010    -0.06252
   110 N.ASBH        41.98310   140.31220    -0.01760
   111 N.KAIH        41.83490   140.63670    -0.35154
   112 N.SRUH        41.59510   140.42430    -0.14654
   113 N.OOMH        41.52460   140.91630    -0.09157
   114 N.SAIH        41.40230   140.86030    -0.17157
   115 N.KUCH        41.23130   140.99320    -0.08152
   116 N.RKSH        40.96370   141.37740    -0.09654
   117 N.NHJH        40.85370   141.10690    -0.26857
   118 N.AOMH        40.84970   140.67940    -0.29852
   119 N.AJSH        40.75920   140.31560    -0.11152
   120 N.FKUH        40.74240   140.02670    -0.07532
   121 N.IKIH        40.61730   140.35310    -0.00352
   122 N.KRIH        40.60640   140.66810    -0.00502
   123 N.TWEH        40.58190   141.15820    -0.01657
   124 N.TWWH        40.57730   140.99860     0.13842
   125 N.HHEH        40.57670   141.44870    -0.14158
   126 N.NYAH        40.54610   140.27610     0.05648
   127 N.OWNH        40.48140   140.56000     0.02848
   128 N.SHGH        40.45970   141.09580     0.16346
   129 N.NWAH        40.44650   141.34090    -0.05054
   130 N.TTKH        40.29340   141.01800     0.13346
   131 N.KRMH        40.26780   141.57440     0.13848
   132 N.KJNH        40.26580   141.78670     0.07408
   133 N.NHWH        40.25830   141.17440     0.12408
   134 N.NHEH        40.23560   141.34580     0.02848
   135 N.KHEH        40.15060   141.42810     0.26408
   136 N.ASRH        40.13640   140.95640     0.20708
   137 N.KJSH        40.08330   141.71560     0.13908
   138 N.IHEH        40.07830   141.19500     0.32808
   139 N.KZMH        39.93690   141.55280     0.46908
   140 N.TMYH        39.82220   141.38610     0.57118
   141 N.IWZH        39.79920   141.65560     0.20865
   142 N.TROH        39.74070   141.91230     0.09848
   143 N.KANH        39.64140   141.60120     0.20090
   144 N.SZKH        39.64080   140.95000     0.06048
   145 N.YHBH        39.61190   141.09640     0.07148
   146 N.YMDH        39.47050   141.93720    -0.08792
   147 N.KASH        39.46010   141.68110     0.45108
   148 N.HMNH        39.45310   141.00360     0.11874
   149 N.HMSH        39.34060   141.05080    -0.05169
   150 N.TOUH        39.33110   141.30500     0.15851
   151 N.KMIH        39.27120   141.82690    -0.06050
   152 N.KGSH        39.19500   141.01530     0.04838
   153 N.SMTH        39.17810   141.39440     0.51268
   154 N.RZTH        39.02780   141.53560    -0.02152
   155 N.IW2H        39.00660   140.86750     0.11493
   156 N.ICWH        39.00630   140.86720     0.12411
   157 N.ICEH        38.96610   141.00470     0.01598
   158 N.FSWH        38.86250   141.35470     0.01848
   159 N.KKWH        38.91770   141.64120    -0.03800
   160 N.NRKH        38.85580   140.65470     0.14092
   161 N.TOWH        38.78310   141.32890    -0.06600
   162 N.MSRH        38.69640   141.42110    -0.01165
   163 N.SZGH        38.63860   141.44620    -0.08473
   164 N.TAJH        38.58780   141.07440    -0.08108
   165 N.ONDH        38.57640   140.78390    -0.27900
   166 N.KAKH        38.51290   141.34560    -0.20233
   167 N.RIFH        38.33700   140.95860    -1.00440
   168 N.SNDH        38.23700   141.00030    -1.19800
   169 N.KWSH        38.17720   140.64390     0.04300
   170 N.IWNH        38.11030   140.84750    -0.09100
   171 N.SISH        38.00610   140.60610     0.02900
   172 N.YMMH        37.93810   140.89580    -0.18800
   173 N.KOSH        40.45360   140.84310     0.29863
   174 N.FSTH        40.31610   140.23750    -0.07637
   175 N.ODTH        40.29750   140.58470    -0.01640
   176 N.TSRH        40.27280   140.46310    -0.05760
   177 N.KZNH        40.05940   140.81190     0.21023
   178 N.ANIH        39.97910   140.41070     0.04360
   179 N.OGAH        39.95260   139.76570    -0.29537
   180 N.GJOH        39.91280   140.22560    -0.01138
   181 N.NSNH        39.81190   140.58250     0.21663
   182 N.KWAH        39.68570   140.41100     0.06363
   183 N.NSSH        39.66060   140.57560    -0.00637
   184 N.NSEH        39.55470   140.61500    -0.08337
   185 N.NSBH        39.54220   140.35150    -0.13537
   186 N.OMRH        39.35190   140.39030    -0.03637
   187 N.YJMH        39.21940   140.13170     0.04063
   188 N.YUZH        39.18840   140.47440    -0.10710
   189 N.HNRH        39.17110   140.71640     0.17843
   190 N.CHKH        39.06890   140.32190     0.07363
   191 N.OGCH        38.97720   140.49860     0.18343
   192 N.YWTH        38.96720   140.03670     0.00720
   193 N.TZWH        38.74690   140.18140    -0.13650
   194 N.MGMH        38.71030   140.55800     0.14450
   195 N.FGTH        38.70780   140.37780    -0.09945
   196 N.TCKH        38.63280   140.00890     0.11553
   197 N.ASAH        38.46750   139.76390     0.15955
   198 N.NKEH        38.42280   140.12830     0.20343
   199 N.NKWH        38.38310   139.99500     0.36048
   200 N.TDOH        38.38110   140.38390    -0.09500
   201 N.YGTH        38.26600   140.26110    -0.02149
   202 N.NYOH        38.10060   140.15860     0.16300
   203 N.KMYH        38.07830   140.30110     0.21400
   204 N.ONIH        37.98510   139.80500     0.17200
   205 N.THTH        37.96030   140.18690     0.08700
   206 N.YNZH        37.89310   140.03110     0.15100
   207 N.FKSH        37.76120   140.38000    -0.16600
   208 N.NAZH        37.75350   139.71830     0.33670
   209 N.ATKH        37.72870   139.88550     0.22890
   210 N.KMAH        37.66060   140.60080     0.10400
   211 N.INWH        37.64310   140.17680     0.65590
   212 N.TSTH        37.60480   139.75660     0.09700
   213 N.NMEH        37.48810   140.99060    -0.09800
   214 N.MRUH        37.48640   140.54140     0.30900
   215 N.MKJH        37.46720   140.72610     0.40845
   216 N.ATDH        37.44780   139.81590     0.00930
   217 N.KRYH        37.35000   140.42970     0.05900
   218 N.TDMH        37.33900   139.31800     0.17477
   219 N.NNMH        37.27920   140.21780     0.23700
   220 N.SMGH        37.25130   139.87580     0.38950
   221 N.HTAH        37.21390   140.57360     0.36400
   222 N.YBKH        37.19760   140.34200     0.16920
   223 N.INAH        37.16920   139.52310     0.47090
   224 N.NGUH        37.15850   140.09630     0.36390
   225 N.IWEH        37.02330   140.97360    -0.14500
   226 N.HMTH        37.00720   139.37880     0.77310
   227 N.IWWH        36.99190   140.58860     0.47400
   228 N.KI2H        36.87780   140.65790     0.29335
   229 N.KIBH        36.87770   140.65780     0.29777
   230 N.DGOH        36.83380   140.32150     0.00843
   231 N.THGH        36.79240   140.57840     0.40364
   232 N.JUOH        36.68900   140.55170     0.22845
   233 N.YMAH        36.63740   140.40090    -0.21157
   234 N.GZNH        36.55350   140.30460    -0.06357
   235 N.JHKH        36.43580   140.35920    -0.05662
   236 N.IWSH        36.36690   140.14340    -0.03760
   237 N.NMTH        36.36220   140.58380    -0.07433
   238 N.HTKH        36.35990   140.62310    -0.48557
   239 N.YSTH        36.25260   140.20610    -0.07773
   240 N.TSKH        36.21060   140.09260    -0.03602
   241 N.TYOH        36.11560   140.56550    -1.16000
   242 N.ISGH        36.10800   139.99210    -0.73943
   243 N.KGRH        36.08320   140.31730    -0.49157
   244 N.TBSH        35.97820   140.10830    -0.92900
   245 N.EDSH        35.94770   140.33350    -1.20000
   246 N.MORH        35.94190   140.00480     0.00100
   247 N.HASH        35.82590   140.73550    -0.78426
   248 N.HA2H        35.82520   140.73560    -0.91843
   249 N.FJWH        36.98330   139.69620     0.66500
   250 N.FJ2H        36.98230   139.69550     0.52968
   251 N.KYEH        36.87970   139.64920     0.49749
   252 N.KYWH        36.87860   139.45670     0.98349
   253 N.YITH        36.85940   139.83970     0.45949
   254 N.OTWH        36.85470   140.02580     0.06949
   255 N.BTOH        36.73110   140.18140    -0.00651
   256 N.IICH        36.70520   139.77260     0.08849
   257 N.UJEH        36.69280   139.98750     0.04049
   258 N.ASOH        36.63120   139.46460     0.75000
   259 N.UMYH        36.55640   139.86690    -0.17651
   260 N.MOTH        36.55350   140.21670     0.14000
   261 N.AWNH        36.54780   139.61860     0.07849
   262 N.HGAH        36.54490   140.07840    -0.00849
   263 N.MOKH        36.44270   139.95410    -1.57798
   264 N.OHRH        36.35680   139.69100     0.10500
   265 N.MN2H        36.85890   139.06590     0.55452
   266 N.MNKH        36.83840   139.05880     0.77200
   267 N.TNEH        36.69670   139.21360     0.44443
   268 N.TAYH        36.61820   138.91010     0.34343
   269 N.OMMH        36.49710   139.32120     0.46300
   270 N.MDRH        36.48990   139.32510     0.15845
   271 N.TUMH        36.48860   138.52750     0.88843
   272 N.HRNH        36.46010   138.85630     0.98000
   273 N.ISSH        36.31110   139.18790    -1.94300
   274 N.TMOH        36.28310   138.92420    -0.05057
   275 N.TBYH        36.24090   139.54760    -1.18000
   276 N.SMNH        36.23250   138.73220     0.23843
   277 N.MNBH        36.14110   138.91740     0.89500
   278 N.KNAH        36.14090   138.91610     0.82673
   279 N.KIZH        36.14780   139.05360     0.04843
   280 N.KWTH        36.11000   139.29260    -0.12157
   281 N.MNAH        36.06830   139.10240     0.04148
   282 N.YMIH        36.04770   139.43960    -0.05162
   283 N.OGOH        36.02430   138.97220     0.19348
   284 N.TOIH        35.99330   139.22230     0.07698
   285 N.IWTH        35.92580   139.73810    -3.50230
   286 N.NGRH        35.90860   139.15170     0.23700
   287 N.HDKH        35.89580   139.38750    -1.74900
   288 N.HHNH        35.86050   139.27570     0.05198
   289 N.TKRH        35.79960   139.53850    -1.97000
   290 N.NRTH        35.82750   140.30130    -1.28800
   291 N.SHMH        35.79340   140.02380    -2.27719
   292 N.CH2H        35.73090   140.82630    -0.52456
   293 N.YKIH        35.71850   140.50880    -0.14210
   294 N.SSAH        35.71830   140.50790    -0.14661
   295 N.CHSH        35.70230   140.85500    -0.04402
   296 N.HSNH        35.59110   140.51400    -1.64039
   297 N.CBAH        35.54250   140.24500    -1.93500
   298 N.ICHH        35.40090   140.17680    -0.14603
   299 N.FUTH        35.34120   139.85860    -1.99700
   300 N.YROH        35.28340   140.15620    -1.92000
   301 N.KTUH        35.17700   140.26890    -0.01249
   302 N.KT2H        35.16810   140.34310    -0.81327
   303 N.KMWH        35.13510   139.96810    -1.77982
   304 N.MINH        35.10190   139.99080     0.16000
   305 N.IWKH        35.09820   139.87110    -0.00500
   306 N.KMSH        35.08480   140.10290    -0.27965
   307 N.TYMH        34.97130   139.84830     0.06000
   308 N.CKRH        34.96740   139.94910    -0.69780
   309 N.TY2H        34.95580   139.79170    -0.47156
   310 N.HHRH        35.73530   139.07640     0.60500
   311 N.HH2H        35.69840   139.13060     0.25843
   312 N.HOJH        35.66690   139.26820     0.06143
   313 N.FCHH        35.65070   139.47360    -2.70650
   314 N.KOTH        35.60810   139.81570    -2.99400
   315 N.NJMH        34.42020   139.28600     0.02000
   316 N.KHZH        34.19590   139.13840     0.06000
   317 N.MKEH        34.10580   139.50920     0.07523
   318 N.HCJH        33.07350   139.84280     0.04000
   319 N.FJOH        35.64040   139.13150     0.21843
   320 N.HRMH        35.55080   139.67940    -0.53570
   321 N.AKWH        35.52000   139.31810    -0.00776
   322 N.YKHH        35.49590   139.52270    -1.93800
   323 N.YMKH        35.48720   139.06260     0.56431
   324 N.KIYH        35.45950   139.21770     0.24343
   325 N.KRKH        35.44110   139.11890     0.51452
   326 N.YM2H        35.41400   139.04680     0.22843
   327 N.ATGH        35.40070   139.35710    -1.78800
   328 N.YFTH        35.36670   139.62160    -0.03750
   329 N.MTDH        35.36310   139.12910     0.35793
   330 N.YKSH        35.35510   139.09420    -1.84477
   331 N.HRTH        35.31700   139.31200    -0.01400
   332 N.ASGH        35.31350   139.02790     0.38561
   333 N.HYMH        35.25910   139.61420    -0.00010
   334 N.ODWH        35.24910   139.10740     0.19200
   335 N.YSKH        35.20770   139.69960    -0.18932
   336 N.MNZH        35.14240   139.15320    -0.15000
   337 N.AHIH        38.27690   139.55190    -0.07199
   338 N.ARKH        38.12960   139.43250    -0.21652
   339 N.SKWH        38.12830   139.54590    -0.02352
   340 N.SROH        37.97290   139.28210    -0.14152
   341 N.TWAH        37.66780   139.46810    -0.23352
   342 N.MRMH        37.66280   139.26430    -0.03302
   343 N.KMOH        37.64970   139.07080    -0.07152
   344 N.KMKH        37.54080   139.36810     0.11648
   345 N.STDH        37.53560   139.13110    -0.00852
   346 N.NGOH        37.42420   138.89080    -0.01706
   347 N.YNTH        37.22080   138.98530    -0.00023
   348 N.KWNH        37.16970   138.74720    -0.04023
   349 N.MAKH        37.05140   138.39970     0.12977
   350 N.MUIH        37.05030   138.99830     0.25777
   351 N.SZWH        37.02720   138.85530    -0.20223
   352 N.MKOH        36.93940   138.26250     0.12977
   353 N.IGWH        36.93470   137.85110     0.04877
   354 N.MKGH        36.85380   138.09980     1.15343
   355 N.YZWH        36.80830   138.78810     0.88477
   356 N.HIMH        36.88360   136.93060    -0.17152
   357 N.UOZH        36.78830   137.47190     0.05248
   358 N.TOYH        36.72630   137.26570    -0.56872
   359 N.DMOH        36.71110   137.04080    -0.20852
   360 N.KHTH        36.66740   137.42700     0.23805
   361 N.IMIH        36.57060   136.96140    -0.05512
   362 N.YTOH        36.56810   137.16250    -0.09152
   363 N.TOGH        36.43750   137.04220     0.56848
   364 N.SUZH        37.52360   137.28750    -0.15399
   365 N.YGDH        37.36140   137.04430     0.01748
   366 N.UCUH        37.34280   137.24670    -0.18947
   367 N.WMZH        37.28770   136.76080    -0.04195
   368 N.AMZH        37.21940   136.97190    -0.05052
   369 N.TGIH        37.18720   136.72060    -0.06197
   370 N.SHKH        37.05030   136.82360    -0.18197
   371 N.TBTH        36.73500   136.79360     0.01748
   372 N.KNZH        36.51190   136.63860    -0.70067
   373 N.OKCH        36.26360   136.71970     0.45298
   374 N.EIHH        36.09240   136.36460    -0.03648
   375 N.OTAH        35.94520   136.05840     0.01848
   376 N.IZUH        35.93830   136.70190     0.30850
   377 N.TRGH        35.63580   136.03310    -0.11352
   378 N.MIKH        35.55560   135.87220    -0.19852
   379 N.TKHH        35.48750   135.48690     0.05851
   380 N.OBMH        35.45420   135.72940    -0.06302
   381 N.SDMH        35.86430   138.57700     1.27043
   382 N.HQNH        35.84690   138.26760     1.10195
   383 N.HQSH        35.79420   138.30130     0.72355
   384 N.NRSH        35.75720   138.39050     0.53355
   385 N.KF2H        35.73890   138.56840     0.33738
   386 N.ENZH        35.73600   138.80510     0.80132
   387 N.NSHH        35.68630   138.73710    -0.83101
   388 N.ASYH        35.63540   138.37340     0.81000
   389 N.OOKH        35.62150   138.98080     0.26346
   390 N.MSFH        35.55910   138.45210     0.14596
   391 N.HYNH        35.53190   138.31180     0.58646
   392 N.KKKH        35.52910   138.60760     0.40798
   393 N.TR2H        35.51200   138.88690     0.15080
   394 N.TRUH        35.51050   138.94390     0.56758
   395 N.TU2H        35.50820   138.97070     0.75843
   396 N.SHJH        35.49240   138.61170     0.95000
   397 N.HYKH        35.42940   138.33560     0.23338
   398 N.SMBH        35.41570   138.48340     0.20122
   399 N.MBUH        35.34760   138.42340     0.04946
   400 N.NZWH        36.90720   138.44390     0.45846
   401 N.OTNH        36.80590   137.90690     0.53805
   402 N.NKNH        36.74000   138.37900     0.17851
   403 N.TGKH        36.70440   138.09950     0.81346
   404 N.HBAH        36.69530   137.85130     0.09501
   405 N.HKKH        36.64090   137.86250     0.69805
   406 N.OSTH        36.62860   137.96880     0.49305
   407 N.SSSH        36.57390   138.05100     0.40146
   408 N.SNBH        36.55020   137.94460     0.70500
   409 N.OM2H        36.52960   137.82310     0.71790
   410 N.OMCH        36.49150   137.72690     1.07000
   411 N.OMYH        36.46490   137.87220     0.63805
   412 N.KMDH        36.46320   138.15050     0.29043
   413 N.IKSH        36.45670   137.96670     0.38290
   414 N.CHHH        36.39910   138.02390     0.62305
   415 N.HOTH        36.37930   137.82310     0.61340
   416 N.AAKH        36.36950   137.92330     0.48305
   417 N.MYTH        36.32770   138.49990     0.13448
   418 N.AHMH        36.31060   137.81030     0.98200
   419 N.MANH        36.30960   138.01980     0.80000
   420 N.ATYH        36.30050   137.94210     0.49305
   421 N.TKSH        36.28280   138.25220     0.50351
   422 N.MMOH        36.25460   137.99290     0.53850
   423 N.MSTH        36.25100   137.86220     0.41651
   424 N.MWDH        36.20860   137.91710     0.56205
   425 N.MNYH        36.19560   138.01530     0.83000
   426 N.MAZH        36.18370   137.80610     0.76000
   427 N.USDH        36.18130   138.56420     0.97000
   428 N.SAKH        36.13930   138.55350     0.75848
   429 N.SOJH        36.11530   137.94190     0.50090
   430 N.SSWH        36.10560   138.13280     0.98721
   431 N.NGWH        36.06090   137.68800     0.99240
   432 N.TONH        36.04350   137.99480     0.88860
   433 N.SSGH        36.02020   138.14310     0.81100
   434 N.TTNH        36.00560   137.93360     0.71843
   435 N.SUYH        35.97410   138.06670     0.96470
   436 N.KWKH        35.97030   138.58770     1.07348
   437 N.MMKH        35.96640   138.48280     1.11251
   438 N.KSOH        35.96000   137.77000     0.85471
   439 N.CHNH        35.94330   138.18790     0.62140
   440 N.KADH        35.92920   137.59800     1.04848
   441 N.FMIH        35.91250   138.30830     1.03081
   442 N.INHH        35.82830   137.92670     0.58798
   443 N.HSEH        35.79140   138.08550     0.71848
   444 N.AGMH        35.78390   137.72030     0.79348
   445 N.KGNH        35.75180   137.97190     0.63000
   446 N.MTKH        35.61200   137.88270     0.60648
   447 N.NGIH        35.60240   137.61350     0.32648
   448 N.TKGH        35.51110   137.87970     0.29751
   449 N.ACHH        35.47540   137.73800     0.75871
   450 N.AC2H        35.47530   137.73760     0.70340
   451 N.IIDH        35.44560   138.00880     1.06308
   452 N.HRYH        35.30620   137.62920     0.85751
   453 N.MSNH        35.29530   137.92980     0.32698
   454 N.KOKH        36.37490   137.37460     0.80843
   455 N.SRWH        36.27120   136.90090     0.32520
   456 N.KTRH        36.24620   137.52040     0.70844
   457 N.FRKH        36.24170   137.20130     0.46964
   458 N.TMAH        36.13060   137.22380     0.51894
   459 N.ASNH        36.09090   137.34680     0.68840
   460 N.SYKH        36.06220   136.95080     0.73800
   461 N.ASSH        36.01840   137.39360     0.80840
   462 N.TSUH        35.94830   136.87620     0.50840
   463 N.MZEH        35.89600   137.15250     0.46140
   464 N.YMTH        35.82910   136.96510     0.41308
   465 N.GR2H        35.79590   137.25610     0.22574
   466 N.GERH        35.72740   137.30510     0.62000
   467 N.ITDH        35.72030   136.78760     0.24848
   468 N.KAYH        35.66510   137.10840     0.33344
   469 N.MNMH        35.66330   136.96480    -0.03160
   470 N.HSKH        35.63690   137.32170     0.22189
   471 N.NEOH        35.62940   136.61640     0.06658
   472 N.SKUH        35.60010   136.41640     0.15241
   473 N.TNMH        35.51830   136.61560    -0.02902
   474 N.TKTH        35.50060   136.79690    -0.17377
   475 N.YOTH        35.48330   137.24940     0.46143
   476 N.NTGH        35.45390   137.47370     0.03798
   477 N.MKMH        35.44950   137.00700    -0.11652
   478 N.KSGH        35.41470   136.43760     0.30800
   479 N.KMHH        35.40890   136.87940    -0.06702
   480 N.KIDH        35.29210   136.47610    -0.04802
   481 N.HMAH        35.27360   136.70310    -1.49505
   482 N.KSHH        35.25760   137.40880     0.34254
   483 N.SONH        35.30380   138.20030     0.77645
   484 N.HTNH        35.29970   138.21070     0.84000
   485 N.SSNH        35.26220   138.81000     0.90000
   486 N.FJMH        35.23300   138.59700    -0.05887
   487 N.MS2H        35.22010   137.92120     0.43648
   488 N.SBKH        35.19950   138.56900    -0.22550
   489 N.MSKH        35.19480   137.93900     0.77035
   490 N.SUMH        35.16920   138.12670     0.32000
   491 N.NMZH        35.15760   138.84620     0.10932
   492 N.SZUH        35.12710   138.42730     0.42000
   493 N.SIZH        35.11140   138.32980     0.07728
   494 N.HKWH        35.09330   138.13810     0.33879
   495 N.KNIH        35.08210   138.98100    -0.10147
   496 N.NRYH        35.05990   138.96280    -0.08957
   497 N.HTSH        35.03850   139.17170    -0.07444
   498 N.HT2H        35.03840   139.17160    -0.09183
   499 N.KMTH        35.02980   138.21770     0.04238
   500 N.SOSH        35.01130   138.35570    -0.05352
   501 N.TT2H        35.00530   137.84390     0.22045
   502 N.TATH        35.00180   137.79990     0.30830
   503 N.SZJH        34.97230   138.91590     0.04548
   504 N.SMSH        34.97060   138.49550    -0.22051
   505 N.HDAH        34.96460   138.80480    -0.04557
   506 N.HD2H        34.96450   138.80530    -0.03532
   507 N.OKBH        34.94990   138.25360    -0.03080
   508 N.ITOH        34.94880   139.14110    -0.08246
   509 N.ITHH        34.94340   139.08870    -0.16146
   510 N.KNEH        34.93650   138.07970     0.04148
   511 N.JIZH        34.91280   138.99670     0.25500
   512 N.FJEH        34.91090   138.20380    -0.01252
   513 N.TNRH        34.90780   137.88510     0.08537
   514 N.KG3H        34.87360   138.02050     0.08051
   515 N.KGWH        34.86260   138.02220     0.06517
   516 N.MRIH        34.85670   137.94550    -0.14195
   517 N.INSH        34.83100   137.66460    -0.28227
   518 N.MKBH        34.80170   137.51390    -0.03934
   519 N.NS2H        34.79540   138.77550     0.02549
   520 N.FKRH        34.79150   137.90640    -0.42878
   521 N.NSIH        34.78700   138.80400    -0.42959
   522 N.KWZH        34.77980   138.97320     0.02649
   523 N.SMDH        34.73760   138.93430    -0.01771
   524 N.ARIH        34.68790   137.56340    -0.44548
   525 N.OHSH        34.68260   138.01550    -0.06484
   526 N.MIZH        34.67150   138.83720    -0.05047
   527 N.HMMH        34.66500   137.74710    -1.00652
   528 N.HMOH        34.63090   138.15920    -0.06330
   529 N.KGIH        35.30270   137.06000     0.06248
   530 N.ASHH        35.21610   137.40690     0.42043
   531 N.KYSH        35.21440   136.85390    -0.73367
   532 N.NGKH        35.18100   137.05040    -0.14852
   533 N.TYEH        35.18080   137.72980     0.65249
   534 N.STRH        35.15110   137.53800     0.55250
   535 N.ASUH        35.13590   137.33890     0.02883
   536 N.TOEH        35.07820   137.72380     0.25000
   537 N.SMYH        35.03650   137.31550     0.30210
   538 N.HOUH        34.99690   137.62730     0.06000
   539 N.OKZH        34.96030   137.24060     0.09852
   540 N.TDEH        34.94790   137.41440     0.44350
   541 N.ANJH        34.92860   137.05970    -1.04500
   542 N.NUKH        34.91570   137.30220    -0.01000
   543 N.SSRH        34.89430   137.49060    -0.04651
   544 N.TKNH        34.88540   136.87920    -0.34400
   545 N.TK2H        34.87740   136.83450    -0.99782
   546 N.HAZH        34.78520   137.10870    -0.39152
   547 N.THNH        34.78210   137.44230    -0.17148
   548 N.MCTH        34.73680   136.94150    -0.08151
   549 N.TYHH        34.66100   137.39320    -0.30152
   550 N.ABNH        34.62920   137.23430     0.04000
   551 N.ATMH        34.61250   137.04490    -0.29500
   552 N.YOKH        34.98170   136.45920     0.15008
   553 N.GNOH        34.81920   136.42740    -0.12300
   554 N.OYMH        34.76290   136.28640     0.07994
   555 N.URSH        34.54380   136.37210     0.17908
   556 N.MASH        34.53920   136.50610    -0.11600
   557 N.MGWH        34.35470   136.33220     0.02800
   558 N.WATH        34.34990   136.58950    -0.02092
   559 N.SMAH        34.25110   136.82450    -0.19800
   560 N.OWSH        34.06040   136.17180    -0.01600
   561 N.KHOH        33.76110   135.99980    -0.01100
   562 N.OTUH        35.24500   135.87000     0.20500
   563 N.TAGH        35.23510   136.36280     0.51000
   564 N.HNOH        34.96060   136.26390     0.12008
   565 N.SGRH        34.84970   136.03440     0.16008
   566 N.INEH        35.70700   135.25240    -0.17300
   567 N.AMNH        35.67820   135.02960    -0.14659
   568 N.NDGH        35.52110   135.12710    -0.14100
   569 N.FKCH        35.30980   135.13620    -0.26100
   570 N.MYMH        35.26530   135.55360     0.08900
   571 N.KMEH        35.04370   135.48740     0.07341
   572 N.KYTH        35.00620   135.73330    -0.67370
   573 N.KMMH        34.89500   135.74900    -0.79057
   574 N.KTNH        34.75970   135.70810     0.04000
   575 N.OSKH        34.71270   135.52270    -1.00161
   576 N.KNHH        34.65950   135.39240    -1.99318
   577 N.TISH        34.52150   135.66360     0.02899
   578 N.TJRH        34.39440   135.28640    -1.49498
   579 N.KSMH        35.61760   134.65940     0.12908
   580 N.MROH        35.46650   134.59800     0.12341
   581 N.IZSH        35.45430   134.86490    -0.08742
   582 N.SNTH        35.28930   134.90990    -0.02000
   583 N.HAGH        35.21610   134.52640     0.26500
   584 N.KAMH        35.09740   134.90640     0.04508
   585 N.SSYH        35.06760   135.28390     0.11793
   586 N.NKOH        35.06390   134.42610     0.10200
   587 N.YMSH        35.02900   134.67290     0.06000
   588 N.SGUH        34.92810   134.54500    -0.02992
   589 N.TJOH        34.90500   135.08720     0.04000
   590 N.KMGH        34.89630   134.33110    -0.02000
   591 N.KKGH        34.81340   134.81070    -0.08340
   592 N.AIOH        34.79020   134.48240    -0.13992
   593 N.MHRH        34.29040   134.79680    -0.04000
   594 N.YZEH        34.63810   136.05400     0.17568
   595 N.TRIH        34.58110   135.85690     0.02841
   596 N.HYSH        34.42040   136.03220     0.28908
   597 N.KRTH        34.30280   135.83970     0.28705
   598 N.KAWH        34.28920   136.00500     0.25805
   599 N.TKEH        33.96580   135.86030     0.38000
   600 N.TKWH        33.96330   135.65170     0.68000
   601 N.NAGH        34.31940   135.45110     0.44752
   602 N.WKYH        34.28350   135.07420    -0.19492
   603 N.HNZH        34.13400   135.53970     0.30000
   604 N.NKMH        34.12810   135.32720     0.02000
   605 N.HRKH        33.97710   135.21500    -0.04000
   606 N.INMH        33.82180   135.22040    -0.06000
   607 N.OTOH        33.69150   135.59810     0.11800
   608 N.KTDH        33.68610   135.44240    -0.07820
   609 N.NKTH        33.60380   135.86480    -0.06992
   610 N.SSMH        33.55250   135.54820     0.03004
   611 N.IAMH        35.56980   134.34540    -0.13792
   612 N.AKSH        35.46360   133.63330    -0.09445
   613 N.KWHH        35.39140   134.20150    -0.07156
   614 N.SKGH        35.36180   133.75130     0.03344
   615 N.MZKH        35.35220   133.49440     0.22008
   616 N.CHZH        35.25720   134.22000     0.02953
   617 N.HINH        35.22810   133.39360     0.31008
   618 N.MHSH        35.55470   133.30310    -0.19200
   619 N.KSIH        35.52010   133.02520    -0.08356
   620 N.HIRH        35.42280   132.80330    -0.17100
   621 N.KACH        35.33910   132.90140    -0.05506
   622 N.HKTH        35.29310   133.26300     0.06908
   623 N.SDAH        35.22120   132.72490     0.00908
   624 N.NITH        35.22030   133.08820     0.23908
   625 N.YSDH        35.16030   132.85830     0.27900
   626 N.OOCH        35.08860   132.53330     0.13955
   627 N.GOTH        35.00560   132.30940    -0.00100
   628 N.KNGH        34.88070   132.20510     0.05955
   629 N.IWAH        34.87690   132.42330     0.20008
   630 N.HSMH        34.86650   132.64220     0.06455
   631 N.MITH        34.69080   132.04270     0.08155
   632 N.HIKH        34.56930   132.01470     0.06008
   633 N.MICH        34.38720   131.89500     0.14800
   634 N.KSBH        35.27940   133.92900     0.29500
   635 N.YBRH        35.17770   133.67920     0.30500
   636 N.OHAH        35.09670   134.32170     0.07953
   637 N.SYOH        35.07000   134.11890    -0.07147
   638 N.SGOH        35.04610   133.31960     0.46350
   639 N.HKBH        34.93310   133.62320     0.11717
   640 N.TTAH        34.90710   133.40810     0.33000
   641 N.TKBH        34.86520   133.85540     0.22000
   642 N.OKYH        34.77510   133.79170    -0.10047
   643 N.SETH        34.74680   134.07280    -0.17057
   644 N.HNSH        34.72510   134.27710    -0.10118
   645 N.BSEH        34.67240   133.53090     0.28500
   646 N.MABH        34.63970   133.68880    -0.05052
   647 N.TAMH        34.50370   133.89310    -0.19047
   648 N.KTWH        34.91050   132.91490     0.23900
   649 N.JNSH        34.81930   133.17010     0.48908
   650 N.GEIH        34.74390   132.38190     0.61200
   651 N.KSAH        34.69830   132.95500     0.23400
   652 N.YSHH        34.65970   132.67150     0.17840
   653 N.HRSH        34.57780   132.43200     0.20908
   654 N.TGUH        34.56840   132.23510     0.16140
   655 N.KNBH        34.55340   133.42050    -0.18000
   656 N.DWAH        34.54500   132.95060     0.25948
   657 N.MIGH        34.51500   133.14010    -0.04100
   658 N.HHIH        34.45400   132.79490     0.13340
   659 N.HISH        34.40890   132.39320    -0.05160
   660 N.SKIH        34.39030   132.16360     0.25000
   661 N.NMKH        34.37530   133.35190    -0.17500
   662 N.MIHH        34.37040   133.02620    -0.17147
   663 N.KURH        34.28500   132.64360     0.12800
   664 N.OKMH        34.20580   132.40880    -0.06160
   665 N.KRHH        34.11290   132.50780     0.07840
   666 N.TMGH        34.62250   131.67060    -0.09000
   667 N.MTMH        34.48050   131.63530     0.16500
   668 N.HGIH        34.39470   131.37980    -0.09660
   669 N.NGTH        34.33760   131.17940    -0.15947
   670 N.MTOH        34.21430   131.36210     0.04706
   671 N.TKJH        34.20580   131.68830    -0.08000
   672 N.MKWH        34.19410   131.99680    -0.13500
   673 N.IKNH        34.18580   132.12850    -0.11500
   674 N.TYUH        34.13160   130.93470    -0.15600
   675 N.KIKH        34.11170   131.05300    -0.17000
   676 N.MNEH        34.10780   131.14580    -0.13000
   677 N.HOFH        34.04610   131.56420    -0.16500
   678 N.SYTH        34.02370   132.06510     0.07300
   679 N.UBEH        33.98600   131.30360    -0.12000
   680 N.TKUH        33.96920   131.81740    -0.01160
   681 N.TOHH        33.92580   132.40710    -0.09660
   682 N.KNSH        33.82270   132.10640    -0.04260
   683 N.SADH        34.00790   134.09450     0.08900
   684 N.IKWH        33.99640   133.89590     0.44648
   685 N.TOKH        33.98690   134.53640    -0.09143
   686 N.KYDH        33.87440   134.13220     0.44900
   687 N.HWSH        33.77170   134.50210     0.05400
   688 N.KNNH        33.65940   134.31830    -0.10443
   689 N.UUMH        34.45400   134.32680    -0.41452
   690 N.MKIH        34.26680   134.15080    -0.05160
   691 N.OHCH        34.22310   134.30690    -0.07100
   692 N.AYKH        34.21530   133.95200    -0.02887
   693 N.MNOH        34.19470   133.71070    -0.19597
   694 N.MYKH        34.18860   133.06070    -0.09660
   695 N.SINH        33.91210   133.65230     0.20395
   696 N.TBRH        33.89900   133.06840    -0.18600
   697 N.SJOH        33.86170   133.18660    -0.03600
   698 N.TBEH        33.70790   132.80570     0.00500
   699 N.OOZH        33.57740   132.60360     0.10840
   700 N.YNDH        33.53540   133.00420     0.35400
   701 N.KWBH        33.49880   132.75050     0.08900
   702 N.IKTH        33.46860   132.30970    -0.14600
   703 N.UWAH        33.42360   132.50800     0.09843
   704 N.MISH        33.36850   132.11820    -0.21352
   705 N.HIYH        33.33140   132.80050     0.02900
   706 N.TSMH        33.05220   132.55770     0.27400
   707 N.MTYH        33.75100   133.57860     0.09648
   708 N.GHKH        33.70460   133.36670     0.48900
   709 N.KHUH        33.67140   133.82690     0.08848
   710 N.IKKH        33.64390   133.14690     0.16000
   711 N.KTGH        33.53870   134.12240     0.02900
   712 N.INOH        33.52800   133.44140    -0.09242
   713 N.GSIH        33.52610   133.82180    -0.13182
   714 N.SSKH        33.38860   133.28920    -0.10000
   715 N.MURH        33.28320   134.16290    -0.21152
   716 N.TSYH        33.26490   132.99160     0.16900
   717 N.NAKH        33.07190   132.95500    -0.06900
   718 N.OOTH        32.83800   132.70910    -0.04600
   719 N.TSSH        32.77630   132.97430    -0.09652
   720 N.KKYH        33.88200   130.98190    -0.18800
   721 N.GENH        33.84690   130.54560    -0.17660
   722 N.WKMH        33.69310   130.59860    -0.02580
   723 N.BZNH        33.58920   131.13720    -0.26900
   724 N.UMIH        33.55750   130.55220     0.08500
   725 N.KAHH        33.54790   130.74750    -0.04000
   726 N.SGWH        33.52600   130.95260     0.26953
   727 N.KIWH        33.46210   130.83080     0.37908
   728 N.TARH        33.36410   130.63780    -0.42292
   729 N.UKHH        33.28580   130.81940    -0.01152
   730 N.CZEH        33.50470   129.88990    -0.08356
   731 N.FJIH        33.40650   130.23530     0.27104
   732 N.HSFH        33.36190   130.40720    -0.14594
   733 N.IMRH        33.26230   129.88210    -0.07305
   734 N.SRIH        33.17720   130.10710    -0.19155
   735 N.SBNH        33.20890   129.76750     0.02700
   736 N.HRDH        33.20830   129.43750    -0.17800
   737 N.SBSH        33.12220   129.81250    -0.19100
   738 N.KKIH        32.95190   129.80490    -0.09800
   739 N.TKKH        32.90690   130.14310    -0.17200
   740 N.NGSH        32.69650   129.86470    -0.04600
   741 N.OGNH        33.11860   131.06530     0.30600
   742 N.KHKH        33.10560   130.69720    -0.02570
   743 N.KKCH        32.99490   130.83230    -0.02100
   744 N.TMNH        32.98390   130.56320    -0.04652
   745 N.NMNH        32.95190   131.22310     0.59153
   746 N.ASVH        32.94810   131.02220     0.34700
   747 N.HKSH        32.80810   131.10330     0.38005
   748 N.MSIH        32.79330   130.82220    -0.19852
   749 N.YABH        32.64670   131.02750     0.34553
   750 N.TYNH        32.63100   130.75450    -0.04092
   751 N.MSMH        32.62000   130.56080    -0.27892
   752 N.IZMH        32.48670   130.90690     0.41854
   753 N.SNWH        32.31180   130.18340    -0.14091
   754 N.ASKH        32.28830   130.58000    -0.20092
   755 N.UWEH        32.21750   130.91190    -0.00347
   756 N.HYOH        32.20180   130.73930    -0.01891
   757 N.MMTH        32.16690   130.36690    -0.09592
   758 N.AKIH        33.46980   131.68830    -0.36294
   759 N.YMGH        33.45470   131.44530     0.06718
   760 N.YGNH        33.40890   131.03500     0.05133
   761 N.KKEH        33.28110   131.21420     0.29848
   762 N.NTHH        33.14920   131.54440     0.06218
   763 N.SNIH        33.12720   131.34970     0.27268
   764 N.MIEH        32.98360   131.59050     0.06118
   765 N.TAKH        32.96920   131.40080     0.15908
   766 N.SIKH        32.92440   131.87190    -0.01782
   767 N.UMEH        32.84520   131.68100     0.09218
   768 N.UMWH        32.83580   131.53810     0.16118
   769 N.KIGH        32.69380   131.68540    -0.19176
   770 N.GKSH        32.65020   131.22800     0.50093
   771 N.MRTH        32.51470   131.33730     0.14849
   772 N.NOBH        32.50260   131.69820    -0.09952
   773 N.SBAH        32.47190   131.10670     0.31749
   774 N.HYGH        32.36190   131.59170    -0.02796
   775 N.TGOH        32.35720   131.46670    -0.00151
   776 N.NANH        32.34360   131.26920     0.25149
   777 N.KWMH        32.20970   131.53310    -0.14841
   778 N.NRAH        32.19530   131.19690     0.13353
   779 N.SUKH        32.03860   131.06420     0.23353
   780 N.KTMH        32.01830   131.29240    -0.02147
   781 N.SDWH        32.01730   131.47240    -0.20181
   782 N.MJNH        31.86080   130.94780     0.42249
   783 N.MJSH        31.72670   131.08140     0.03353
   784 N.NCNH        31.56140   131.35330    -0.19751
   785 N.NSMH        32.15190   130.12140    -0.18808
   786 N.AKNH        31.99060   130.21000    -0.16119
   787 N.MYJH        31.97780   130.44610     0.00916
   788 N.KDIH        31.86640   130.49810    -0.03461
   789 N.SENH        31.83390   130.36250    -0.08703
   790 N.AIRH        31.71060   130.61720    -0.29655
   791 N.KORH        31.69530   130.46170    -0.07288
   792 N.OSUH        31.55830   130.99920    -0.05405
   793 N.KYAH        31.39690   130.85640    -0.06252
   794 N.CRNH        31.37060   130.43560     0.01789
   795 N.UCNH        31.25470   131.09000     0.11408
   796 N.YKWH        31.20310   130.62060    -0.12321
   797 N.SATH        31.08630   130.70130    -0.11408
   798 N.NKGF        44.79950   142.08880     0.03100
   799 N.NOPF        44.31940   142.94230     0.12600
   800 N.SHRF        44.05380   144.99850     0.11100
   801 N.KNPF        43.76000   143.71230     0.15800
   802 N.NMRF        43.36470   145.74190     0.02000
   803 N.KSRF        42.97940   144.48900     0.01800
   804 N.HSSF        42.96470   141.23220     0.19000
   805 N.URHF        42.92720   143.67500     0.08000
   806 N.HIDF        42.81830   142.41830     0.22900
   807 N.IMGF        42.39030   140.14420     0.05000
   808 N.KMUF        42.23650   142.96630     0.17700
   809 N.MMAF        41.15930   140.41420     0.08100
   810 N.TMRF        41.09890   141.38670     0.12000
   811 N.OOWF        40.46620   140.51320     0.20500
   812 N.IYGF        40.11890   141.58690     0.42900
   813 N.TYSF        39.37430   141.59680     0.34600
   814 N.KSNF        38.97330   141.53360     0.26000
   815 N.KSKF        38.25560   140.58670     0.31900
   816 N.GJMF        39.95280   140.11470     0.10500
   817 N.HROF        37.22160   140.88110     0.61500
   818 N.TSKF        36.21090   140.09310     0.17400
   819 N.YMZF        36.92360   140.24780     0.52000
   820 N.ASIF        36.63110   139.42390     0.66400
   821 N.ONSF        36.15250   138.98540     0.48000
   822 N.TYMF        34.97120   139.84820     0.02200
   823 N.KZSF        34.20220   139.15160     0.19300
   824 N.HJOF        33.10110   139.80560     0.08700
   825 N.AOGF        32.44650   139.77710     0.08500
   826 N.OSWF        27.09410   142.19920     0.01100
   827 N.SBTF        37.96530   139.45340     0.13000
   828 N.ADMF        37.90170   138.43350     0.27600
   829 N.KZKF        37.29470   138.51750     0.25000
   830 N.WJMF        37.39910   137.02880     0.20100
   831 N.SRNF        36.19870   136.63330     0.47300
   832 N.SGNF        35.50640   138.94750     0.78500
   833 N.FUJF        35.22750   138.42120     0.61800
   834 N.TTOF        35.83310   138.12400     1.15000
   835 N.KNMF        35.71370   137.18110     0.33900
   836 N.JIZF        34.91330   138.99700     0.26300
   837 N.KNYF        34.87050   138.06590     0.25900
   838 N.NAAF        35.22070   137.36520     0.20000
   839 N.WTRF        34.37060   136.57770     0.09500
   840 N.KISF        33.86180   135.89360     0.06600
   841 N.TGAF        35.18150   136.34110     0.29900
   842 N.YASF        35.65380   135.16330     0.23200
   843 N.ABUF        34.86030   135.57340     0.13800
   844 N.YZKF        35.08550   134.46210     0.33000
   845 N.NOKF        34.16230   135.35060     0.09500
   846 N.KMTF        33.67480   135.49270     0.15300
   847 N.SAGF        36.25220   133.30760     0.07200
   848 N.YSIF        35.19100   132.88880     0.38600
   849 N.NRWF        34.76500   133.53520     0.20100
   850 N.NSKF        34.33710   132.00420     0.20500
   851 N.YTYF        34.28030   131.03880     0.15700
   852 N.ISIF        34.05730   134.45810     0.02700
   853 N.TGWF        33.97010   132.93440     0.30000
   854 N.OKWF        33.82390   133.47170     0.82800
   855 N.UMJF        33.57610   134.03940     0.36300
   856 N.TSAF        33.17470   132.82260     0.14300
   857 N.SBRF        33.50190   130.25530     0.26000
   858 N.IZHF        34.13270   129.20880     0.38600
   859 N.STMF        32.88370   129.72600     0.14500
   860 N.FUKF        32.71440   128.75940     0.07500
   861 N.TMCF        32.60280   130.91740     0.28500
   862 N.INNF        33.46680   131.30860     0.16900
   863 N.TKDF        32.81450   131.38990     0.74900
   864 N.TKOF        31.88960   131.23440     0.08800
   865 N.SIBF        31.96640   130.35080     0.65500
   866 N.TKAF        31.51250   130.78530     0.53500
   867 N.TASF        31.19100   130.91160     0.50600
   868 N.KYKF        30.37450   130.41220     0.31000
   869 N.AMMF        28.15330   129.30220     0.01200
   870 N.KGMF        26.75290   128.21720     0.10400
   871 N.ZMMF        26.22890   127.30560     0.02200
   872 N.YNGF        24.44950   123.00650     0.08400
   873 N.IGKF        24.40640   124.17850     0.07800
   874 N.ST6H        35.09330   139.38100    -1.13000
   875 N.ST5H        34.93800   139.42450    -1.48600
   876 N.ST4H        34.88980   139.57430    -0.93300
   877 N.ST3H        34.79500   139.64670    -0.90200
   878 N.ST2H        34.73630   139.84250    -2.33900
   879 N.ST1H        34.59220   139.92150    -2.19700